         LET     14.0545      LET_SD   0.0144643
       H3O^1           0      °OH^0           1       OH^-1           2     e_aq^-1           3         H^0           4       H_2^0           5      H2O2^0           6    HO_2°^0           7     HO_2^-1           8       °O^0           9        O^-1          10       O_2^0          11      O_2^-1          12       O_3^0          13      O_3^-1          14       H3O^1          16       OH^-1          17
     1.77411  0.00871783     1.13086  0.00733222    0.679906  0.00358009     1.05789  0.00700986    0.707644  0.00336244    0.767722  0.00328206    0.944105  0.00331359    0.031011 0.000733744  0.00534834 0.000317685    0.010337 0.000471467   0.0405317 0.000868602   0.0185407  0.00061946   0.0101839 0.000443706 5.71589e-05 3.29376e-05 0.000133263  5.0079e-05  0.00557825 0.000319493  0.00951844 0.000414375
         LET     20.0998      LET_SD    0.014758
       H3O^1           0      °OH^0           1       OH^-1           2     e_aq^-1           3         H^0           4       H_2^0           5      H2O2^0           6    HO_2°^0           7     HO_2^-1           8       °O^0           9        O^-1          10       O_2^0          11      O_2^-1          12       O_3^0          13      O_3^-1          14       H3O^1          16       OH^-1          17
     1.44906   0.0084609    0.886957  0.00668919     0.59655  0.00340978    0.809519  0.00671397    0.645703  0.00352488    0.839746  0.00370937    0.978993  0.00339674   0.0321696 0.000765298  0.00670444 0.000357498   0.0071438 0.000368982   0.0424233 0.000891257   0.0200577 0.000616128   0.0103034 0.000432523  3.6601e-05  2.5857e-05 0.000182537 5.72449e-05  0.00553375  0.00031052  0.00935401 0.000420065
         LET     39.9806      LET_SD   0.0322575
       H3O^1           0      °OH^0           1       OH^-1           2     e_aq^-1           3         H^0           4       H_2^0           5      H2O2^0           6    HO_2°^0           7     HO_2^-1           8       °O^0           9        O^-1          10       O_2^0          11      O_2^-1          12       O_3^0          13      O_3^-1          14       H3O^1          16       OH^-1          17
     1.10112    0.010484    0.632697  0.00824337    0.475546  0.00366112    0.578016  0.00804852    0.549753  0.00356862    0.926426   0.0040367     1.02075  0.00327186   0.0331931  0.00077545  0.00746292 0.000381062  0.00439071 0.000299294   0.0406018 0.000869185   0.0238501 0.000656457   0.0113477 0.000432486  3.6104e-05 2.55062e-05 0.000434077 9.04427e-05  0.00525782 0.000307727  0.00796796 0.000365623
         LET     77.8351      LET_SD    0.124041
       H3O^1           0      °OH^0           1       OH^-1           2     e_aq^-1           3         H^0           4       H_2^0           5      H2O2^0           6    HO_2°^0           7     HO_2^-1           8       °O^0           9        O^-1          10       O_2^0          11      O_2^-1          12       O_3^0          13      O_3^-1          14       H3O^1          16       OH^-1          17
    0.870897   0.0131239    0.468883  0.00962143    0.381976   0.0042094    0.442581  0.00982238    0.452822  0.00400838    0.990482  0.00467975     1.04315  0.00389331   0.0372047 0.000828573  0.00798386 0.000395059  0.00289472 0.000239871   0.0352968  0.00081327   0.0261475 0.000715231   0.0121877 0.000492238 6.03907e-05 3.47961e-05 0.000422252 9.46461e-05  0.00482581 0.000305097  0.00579288 0.000332538
         LET     138.151      LET_SD    0.116962
       H3O^1           0      °OH^0           1       OH^-1           2     e_aq^-1           3         H^0           4       H_2^0           5      H2O2^0           6    HO_2°^0           7     HO_2^-1           8       °O^0           9        O^-1          10       O_2^0          11      O_2^-1          12       O_3^0          13      O_3^-1          14       H3O^1          16       OH^-1          17
    0.723722   0.0134173    0.369953  0.00970911    0.316642  0.00463786     0.35927   0.0095291    0.361781  0.00439505     1.04743  0.00446809     1.04638  0.00340299   0.0397057 0.000818815   0.0087368 0.000407224  0.00236193 0.000220682   0.0325685 0.000786879   0.0303511 0.000703244   0.0148768 0.000525456 0.000199623 5.96372e-05 0.000654107 0.000105479  0.00515803 0.000309123  0.00366796 0.000274242
         LET     171.167      LET_SD     0.16681
       H3O^1           0      °OH^0           1       OH^-1           2     e_aq^-1           3         H^0           4       H_2^0           5      H2O2^0           6    HO_2°^0           7     HO_2^-1           8       °O^0           9        O^-1          10       O_2^0          11      O_2^-1          12       O_3^0          13      O_3^-1          14       H3O^1          16       OH^-1          17
     0.71599   0.0143267    0.363833   0.0104405    0.312279  0.00482364    0.357809   0.0102402    0.354231  0.00468793     1.05874   0.0047892     1.05945  0.00348532   0.0382627  0.00083554  0.00876012 0.000396577  0.00194512 0.000201547   0.0304027 0.000798585   0.0308281 0.000752718   0.0141895  0.00049746 0.000173236 5.72972e-05 0.000982327  0.00013627  0.00475653 0.000303115  0.00323468 0.000258245
         LET     308.765      LET_SD    0.361168
       H3O^1           0      °OH^0           1       OH^-1           2     e_aq^-1           3         H^0           4       H_2^0           5      H2O2^0           6    HO_2°^0           7     HO_2^-1           8       °O^0           9        O^-1          10       O_2^0          11      O_2^-1          12       O_3^0          13      O_3^-1          14       H3O^1          16       OH^-1          17
     0.62397   0.0130728    0.297326  0.00900241    0.272519  0.00451712    0.305683  0.00915324     0.29572  0.00463628     1.09138  0.00486128     1.05256  0.00354332   0.0415423 0.000920577  0.00848465 0.000404274  0.00193516 0.000208708   0.0285243 0.000738311    0.036501    0.000887    0.015383 0.000525096 0.000195155 6.11658e-05  0.00127118 0.000155027  0.00351809 0.000252437   0.0023067 0.000220228
         LET     359.915      LET_SD    0.257049
       H3O^1           0      °OH^0           1       OH^-1           2     e_aq^-1           3         H^0           4       H_2^0           5      H2O2^0           6    HO_2°^0           7     HO_2^-1           8       °O^0           9        O^-1          10       O_2^0          11      O_2^-1          12       O_3^0          13      O_3^-1          14       H3O^1          16       OH^-1          17
    0.635361   0.0132816    0.306226  0.00952339    0.275823  0.00469642    0.312623  0.00917134    0.294352  0.00503196     1.08659  0.00480278     1.04441  0.00370917   0.0417694 0.000892768  0.00928416 0.000393422  0.00135867  0.00016619   0.0279456 0.000762964   0.0366359 0.000875883   0.0164616 0.000555959  9.5628e-05 4.26015e-05  0.00114877 0.000139639  0.00461438 0.000299075  0.00229702 0.000208484
         LET      422.94      LET_SD    0.242325
       H3O^1           0      °OH^0           1       OH^-1           2     e_aq^-1           3         H^0           4       H_2^0           5      H2O2^0           6    HO_2°^0           7     HO_2^-1           8       °O^0           9        O^-1          10       O_2^0          11      O_2^-1          12       O_3^0          13      O_3^-1          14       H3O^1          16       OH^-1          17
    0.606968   0.0112668    0.282463  0.00787628    0.261213  0.00409734    0.299012  0.00775529    0.276219  0.00434562      1.0928  0.00433928     1.04211  0.00318441   0.0427635 0.000897663  0.00853603 0.000381316  0.00143839 0.000173947   0.0275554 0.000739566   0.0387098  0.00082504   0.0164215 0.000566661 0.000202639   6.053e-05  0.00108795 0.000143654  0.00464534 0.000282528  0.00210132 0.000210342
         LET     523.797      LET_SD    0.270471
       H3O^1           0      °OH^0           1       OH^-1           2     e_aq^-1           3         H^0           4       H_2^0           5      H2O2^0           6    HO_2°^0           7     HO_2^-1           8       °O^0           9        O^-1          10       O_2^0          11      O_2^-1          12       O_3^0          13      O_3^-1          14       H3O^1          16       OH^-1          17
    0.559491  0.00876366    0.250345  0.00635815    0.246349  0.00349622    0.267997  0.00599417    0.259259  0.00400721     1.10252  0.00412048     1.03929  0.00344295   0.0444669 0.000859266  0.00819337 0.000373708  0.00165198 0.000193826   0.0275552 0.000722315   0.0399496 0.000856958     0.01557 0.000541646 0.000308906  7.3819e-05  0.00127173 0.000155408  0.00444971 0.000298517  0.00176174  0.00018526
         LET     636.204      LET_SD    0.266467
       H3O^1           0      °OH^0           1       OH^-1           2     e_aq^-1           3         H^0           4       H_2^0           5      H2O2^0           6    HO_2°^0           7     HO_2^-1           8       °O^0           9        O^-1          10       O_2^0          11      O_2^-1          12       O_3^0          13      O_3^-1          14       H3O^1          16       OH^-1          17
    0.512818   0.0063905    0.215495  0.00459064    0.229515  0.00283444    0.236514  0.00422317    0.237542  0.00333979     1.10815  0.00366485      1.0248  0.00349482     0.04662 0.000881809  0.00864488   0.0004073  0.00119113 0.000140056   0.0254026 0.000667968   0.0423322 0.000826732   0.0182556 0.000540739 0.000255197 6.50985e-05   0.0013782 0.000159606  0.00408356 0.000256945  0.00131027 0.000153193
         LET     854.316      LET_SD    0.373659
       H3O^1           0      °OH^0           1       OH^-1           2     e_aq^-1           3         H^0           4       H_2^0           5      H2O2^0           6    HO_2°^0           7     HO_2^-1           8       °O^0           9        O^-1          10       O_2^0          11      O_2^-1          12       O_3^0          13      O_3^-1          14       H3O^1          16       OH^-1          17
    0.474962  0.00455108    0.187248  0.00363382      0.2127  0.00246222    0.214893  0.00303903    0.216235  0.00301665     1.11401  0.00325138     1.01387  0.00348914   0.0504329 0.000976568  0.00857299 0.000416679 0.000944113 0.000142974   0.0251304 0.000701945   0.0437096 0.000898718   0.0193135 0.000584477 0.000170057  5.6254e-05  0.00126447 0.000160848  0.00407816 0.000278723 0.000925609 0.000139525
         LET     934.009      LET_SD    0.325309
       H3O^1           0      °OH^0           1       OH^-1           2     e_aq^-1           3         H^0           4       H_2^0           5      H2O2^0           6    HO_2°^0           7     HO_2^-1           8       °O^0           9        O^-1          10       O_2^0          11      O_2^-1          12       O_3^0          13      O_3^-1          14       H3O^1          16       OH^-1          17      None^0          18
    0.444237  0.00338617    0.162645  0.00294578     0.20388  0.00209086    0.193608  0.00226307     0.20552  0.00255336     1.11905  0.00322584     1.01245  0.00340612   0.0486023 0.000901813  0.00875778 0.000368976 0.000836583 0.000126608   0.0243401 0.000670828   0.0464612 0.000891462   0.0187734 0.000546891 0.000478029  0.00010893  0.00150207 0.000162758  0.00406192 0.000265216 0.000853488 0.000118033           0           0
         LET     1025.29      LET_SD    0.343403
       H3O^1           0      °OH^0           1       OH^-1           2     e_aq^-1           3         H^0           4       H_2^0           5      H2O2^0           6    HO_2°^0           7     HO_2^-1           8       °O^0           9        O^-1          10       O_2^0          11      O_2^-1          12       O_3^0          13      O_3^-1          14       H3O^1          16       OH^-1          17
    0.422771  0.00256467    0.147372  0.00230087    0.193513  0.00177099    0.180487  0.00191366     0.19174  0.00220986     1.13125  0.00306523     1.01641  0.00336806   0.0477073 0.000883195  0.00881062 0.000379194 0.000545298 9.68711e-05    0.023875 0.000624945    0.048034 0.000866539   0.0198159 0.000552048 0.000307143  7.1333e-05  0.00172145 0.000159635  0.00390096 0.000255947 0.000971366 0.000129269
