         LET     14.0545      LET_SD   0.0144643
       H3O^1           0      °OH^0           1       OH^-1           2     e_aq^-1           3         H^0           4       H_2^0           5      H2O2^0           6    HO_2°^0           7     HO_2^-1           8       °O^0           9        O^-1          10       O_2^0          11      O_2^-1          12       O_3^0          13      O_3^-1          14       H3O^1          16       OH^-1          17
     1.77862  0.00858875     1.13419   0.0072767    0.683489  0.00374651     1.05868  0.00687305    0.699878   0.0036009    0.769833  0.00332227    0.942406  0.00336044   0.0311445 0.000754717   0.0047973 0.000295692   0.0105079 0.000465351   0.0410794 0.000953172   0.0180073  0.00060663  0.00989786 0.000438594 7.62515e-05 3.80163e-05 0.000133221 5.00632e-05  0.00542571 0.000313091  0.00955697 0.000420583
         LET     20.0998      LET_SD    0.014758
       H3O^1           0      °OH^0           1       OH^-1           2     e_aq^-1           3         H^0           4       H_2^0           5      H2O2^0           6    HO_2°^0           7     HO_2^-1           8       °O^0           9        O^-1          10       O_2^0          11      O_2^-1          12       O_3^0          13      O_3^-1          14       H3O^1          16       OH^-1          17
     1.45148  0.00836444    0.885407   0.0067484    0.596172  0.00336793    0.812793  0.00663598    0.649751  0.00349815    0.838619  0.00368246     0.98403  0.00324487    0.031218 0.000804458   0.0063575  0.00032415  0.00750807 0.000378065   0.0416348 0.000835992   0.0195656 0.000593508   0.0110158  0.00048265 1.82874e-05 1.82874e-05 0.000201103 6.00761e-05  0.00571553 0.000328596  0.00919029 0.000427244
         LET     39.9806      LET_SD   0.0322575
       H3O^1           0      °OH^0           1       OH^-1           2     e_aq^-1           3         H^0           4       H_2^0           5      H2O2^0           6    HO_2°^0           7     HO_2^-1           8       °O^0           9        O^-1          10       O_2^0          11      O_2^-1          12       O_3^0          13      O_3^-1          14       H3O^1          16       OH^-1          17
     1.09839   0.0104147    0.637893  0.00833387    0.469985  0.00364012    0.581354  0.00810973    0.550745  0.00357968    0.923688  0.00399947     1.01691   0.0033285   0.0340219 0.000779734  0.00749923 0.000368457  0.00460708  0.00029218   0.0402536 0.000830977   0.0235821  0.00065462   0.0117259 0.000453123 3.61279e-05 2.55232e-05 0.000162791 5.38682e-05  0.00520373 0.000293654  0.00751659 0.000369957
         LET     77.8351      LET_SD    0.124041
       H3O^1           0      °OH^0           1       OH^-1           2     e_aq^-1           3         H^0           4       H_2^0           5      H2O2^0           6    HO_2°^0           7     HO_2^-1           8       °O^0           9        O^-1          10       O_2^0          11      O_2^-1          12       O_3^0          13      O_3^-1          14       H3O^1          16       OH^-1          17
    0.869889   0.0129319    0.469493  0.00959896    0.380926  0.00402918     0.43951  0.00989072    0.449465  0.00399378    0.994521  0.00467908      1.0427  0.00355823     0.03537 0.000828344  0.00860865 0.000402035  0.00317743 0.000260688   0.0367203 0.000861716   0.0263049  0.00067926   0.0133361 0.000542216  8.0614e-05 4.01847e-05 0.000422648  9.0347e-05  0.00476543 0.000301053  0.00553004  0.00031477
         LET     138.305      LET_SD    0.121805
       H3O^1           0      °OH^0           1       OH^-1           2     e_aq^-1           3         H^0           4       H_2^0           5      H2O2^0           6    HO_2°^0           7     HO_2^-1           8       °O^0           9        O^-1          10       O_2^0          11      O_2^-1          12       O_3^0          13      O_3^-1          14       H3O^1          16       OH^-1          17
     0.73814   0.0140769    0.381185   0.0102472    0.322604  0.00454644    0.369368   0.0102464    0.373681   0.0044429     1.04596  0.00480131     1.05338  0.00347507   0.0381818 0.000841125  0.00883799 0.000404575  0.00221434 0.000220829   0.0316907 0.000734661   0.0311113 0.000744976   0.0136786 0.000548611 0.000148775 5.22548e-05 0.000707259 0.000113799  0.00465262  0.00029184  0.00388925 0.000283447
         LET     167.922      LET_SD    0.222089
       H3O^1           0      °OH^0           1       OH^-1           2     e_aq^-1           3         H^0           4       H_2^0           5      H2O2^0           6    HO_2°^0           7     HO_2^-1           8       °O^0           9        O^-1          10       O_2^0          11      O_2^-1          12       O_3^0          13      O_3^-1          14       H3O^1          16       OH^-1          17
    0.698381   0.0132224    0.350718  0.00957375    0.305503  0.00454933    0.345717  0.00944812    0.348734  0.00437811     1.06476  0.00489272     1.06314   0.0038121   0.0386611 0.000836551  0.00918928 0.000443681  0.00195138 0.000190872   0.0324304 0.000790797   0.0310528 0.000776315   0.0137039 0.000516468 0.000118421 4.81055e-05 0.000413615 8.84532e-05  0.00502791  0.00032941  0.00317492 0.000267704
         LET     279.191      LET_SD    0.169114
       H3O^1           0      °OH^0           1       OH^-1           2     e_aq^-1           3         H^0           4       H_2^0           5      H2O2^0           6    HO_2°^0           7     HO_2^-1           8       °O^0           9        O^-1          10       O_2^0          11      O_2^-1          12       O_3^0          13      O_3^-1          14       H3O^1          16       OH^-1          17
    0.623194   0.0118986    0.301717  0.00851902    0.271519  0.00411234     0.30453  0.00838136     0.30119  0.00432586     1.09246  0.00439065     1.07148   0.0035033   0.0368873 0.000764871   0.0081493 0.000373727  0.00161247 0.000181159   0.0303307 0.000783052   0.0326843 0.000756004   0.0141203 0.000497427 0.000123853 4.65615e-05  0.00101013 0.000131822  0.00443035 0.000263705  0.00219722 0.000196457
         LET     332.057      LET_SD    0.219343
       H3O^1           0      °OH^0           1       OH^-1           2     e_aq^-1           3         H^0           4       H_2^0           5      H2O2^0           6    HO_2°^0           7     HO_2^-1           8       °O^0           9        O^-1          10       O_2^0          11      O_2^-1          12       O_3^0          13      O_3^-1          14       H3O^1          16       OH^-1          17
    0.635708   0.0119561    0.309084  0.00851777     0.27733  0.00432072    0.310909  0.00819558    0.302485  0.00461091     1.09089  0.00453075     1.07186  0.00347599   0.0369698 0.000811754  0.00833248 0.000400431  0.00162142 0.000173526    0.028236 0.000705922   0.0321368 0.000770299   0.0147098 0.000494519 0.000163654 5.41505e-05 0.000820113 0.000125418  0.00402762 0.000276513  0.00224184 0.000200971
         LET      373.38      LET_SD    0.187175
       H3O^1           0      °OH^0           1       OH^-1           2     e_aq^-1           3         H^0           4       H_2^0           5      H2O2^0           6    HO_2°^0           7     HO_2^-1           8       °O^0           9        O^-1          10       O_2^0          11      O_2^-1          12       O_3^0          13      O_3^-1          14       H3O^1          16       OH^-1          17
    0.604783   0.0111999     0.28706  0.00797084    0.266255  0.00403229    0.291012  0.00776737    0.287329  0.00418907      1.1015  0.00424508     1.07183  0.00331708   0.0386804 0.000781881  0.00829066 0.000389821  0.00155842 0.000164396   0.0279057 0.000692648   0.0330659 0.000744704   0.0144355 0.000465448 0.000172827 5.42234e-05  0.00103937 0.000136241  0.00420716 0.000281816  0.00218029 0.000203759
         LET     448.418      LET_SD     0.21155
       H3O^1           0      °OH^0           1       OH^-1           2     e_aq^-1           3         H^0           4       H_2^0           5      H2O2^0           6    HO_2°^0           7     HO_2^-1           8       °O^0           9        O^-1          10       O_2^0          11      O_2^-1          12       O_3^0          13      O_3^-1          14       H3O^1          16       OH^-1          17
    0.558726  0.00848305    0.254513  0.00597516    0.248418  0.00343463    0.262238  0.00577408    0.271336  0.00393012      1.1186  0.00383653     1.08329  0.00305307   0.0371953 0.000740761  0.00800108 0.000373675  0.00159344 0.000164037   0.0279786 0.000653172   0.0338081 0.000723303   0.0150162 0.000512607 0.000196858   5.631e-05  0.00100201 0.000126124  0.00409065 0.000257264  0.00177478 0.000183736
         LET     516.475      LET_SD      0.2218
       H3O^1           0      °OH^0           1       OH^-1           2     e_aq^-1           3         H^0           4       H_2^0           5      H2O2^0           6    HO_2°^0           7     HO_2^-1           8       °O^0           9        O^-1          10       O_2^0          11      O_2^-1          12       O_3^0          13      O_3^-1          14       H3O^1          16       OH^-1          17
    0.516321  0.00634865    0.221909  0.00470134     0.23417  0.00283127    0.233196  0.00413396    0.248434  0.00327182     1.13868   0.0037304     1.09304   0.0034637   0.0386577  0.00075897  0.00799272 0.000362746  0.00116934 0.000133603   0.0278043 0.000680577   0.0336506 0.000747197    0.014782 0.000490385 0.000178481 5.33737e-05  0.00103937 0.000135288  0.00370264 0.000261723  0.00141294 0.000153033
         LET     624.125      LET_SD    0.199045
       H3O^1           0      °OH^0           1       OH^-1           2     e_aq^-1           3         H^0           4       H_2^0           5      H2O2^0           6    HO_2°^0           7     HO_2^-1           8       °O^0           9        O^-1          10       O_2^0          11      O_2^-1          12       O_3^0          13      O_3^-1          14       H3O^1          16       OH^-1          17      None^0          18
    0.468028  0.00413625    0.188193  0.00327052    0.215644  0.00214735    0.202061  0.00272375    0.225672  0.00256908     1.15348  0.00325448     1.09651  0.00320374   0.0392122 0.000733727   0.0084236 0.000353911 0.000874715 0.000118083   0.0261302 0.000661061   0.0336939  0.00072473    0.015378 0.000495205  0.00028155 6.54706e-05  0.00123472  0.00013922  0.00403246 0.000250107   0.0010474 0.000127088           0           0
         LET     668.237      LET_SD    0.200509
       H3O^1           0      °OH^0           1       OH^-1           2     e_aq^-1           3         H^0           4       H_2^0           5      H2O2^0           6    HO_2°^0           7     HO_2^-1           8       °O^0           9        O^-1          10       O_2^0          11      O_2^-1          12       O_3^0          13      O_3^-1          14       H3O^1          16       OH^-1          17
    0.439436  0.00302851    0.166237  0.00262245     0.20452  0.00188963    0.183923  0.00210536    0.213508  0.00228631     1.17209  0.00302864     1.10865  0.00313374   0.0385013  0.00075184   0.0085586 0.000346872 0.000753202 0.000108015   0.0268735 0.000642012   0.0360257 0.000746171   0.0143018 0.000474166 0.000322435  6.9267e-05  0.00124447 0.000141695  0.00405604 0.000249174 0.000783678 0.000109823
         LET     721.705      LET_SD    0.191386
       H3O^1           0      °OH^0           1       OH^-1           2     e_aq^-1           3         H^0           4       H_2^0           5      H2O2^0           6    HO_2°^0           7     HO_2^-1           8       °O^0           9        O^-1          10       O_2^0          11      O_2^-1          12       O_3^0          13      O_3^-1          14       H3O^1          16       OH^-1          17
    0.414895  0.00242944    0.144918  0.00210402    0.193338  0.00164619    0.170774  0.00179752    0.201859  0.00209009      1.1809  0.00295535     1.11331  0.00317254   0.0379826 0.000730032  0.00763569 0.000343998 0.000564642 9.02279e-05   0.0253532   0.0006265   0.0369581 0.000762266   0.0165878 0.000482362 0.000320425 7.21657e-05  0.00123714 0.000137515  0.00369547 0.000230946 0.000594977 0.000102031
